Date,Narration,Chq./Ref.No.,ValueDt,WithdrawalAmt.,DepositAmt.,ClosingBalance
15-04-2023,UPI-CREDCLUB-CREDCLUB@ICICI-ICIC0DC0099-,3.11E+11,15-04-2023,"1,287.38",,"52,121.07"
,310550741481-PAYMENTFROMPHONE,,,,,
15-04-2023,UPI-CREDCLUB-CREDCLUB@ICICI-ICIC0DC0099-,3.11E+11,15-04-2023,"30,000.00",,"22,121.07"
,310573148670-PAYMENTFROMPHONE,,,,,
16-04-2023,UPI-SMRUTIREKHA BALABAN-SMRUTIREKHA147@,3.11E+11,16-04-2023,,"10,000.00","32,121.07"
,OKSBI-KKBK0007327-310618379619-MEDICAL,,,,,
16-04-2023,UPI-BANSARIGOSWAMI-8732961622@IBL-HDFC0,3.11E+11,16-04-2023,"10,000.00",,"22,121.07"
,000306-310615156687-PAYMENTFROMPHONE,,,,,
16-04-2023,UPI-MRKANDEPUSAIKRISHN-BHARATPE9072725,3.11E+11,16-04-2023,300,,"21,821.07"
,9349@YESBANKLTD-YESB0YESUPI-310694130711,,,,,
,#NAME?,,,,,
16-04-2023,UPI-CREDCLUB-CREDCLUB@ICICI-ICIC0DC0099-,3.11E+11,16-04-2023,"6,150.00",,"15,671.07"
,310606058038-PAYMENTFROMPHONE,,,,,
17-04-2023,UPI-MOHDAFRAZUDDIN-BHARATPE90726354097,3.11E+11,17-04-2023,100,,"15,571.07"
,@YESBANKLTD-YESB0YESUPI-310708165375-PAY,,,,,
,TOBHARATPEME,,,,,
17-04-2023,UPI-MYNENISWARNASRI-BHARATPE.9005429177,3.11E+11,17-04-2023,220,,"15,351.07"
,2@FBPE-FDRL0001382-310788839192-PAYTOB,,,,,
,HARATPEME,,,,,
17-04-2023,UPI-HARAKARAM-PAYTMQR2810050501011HB8QM,3.11E+11,17-04-2023,10,,"15,341.07"
,6RHAGA@PAYTM-PYTM0123456-310797042139-PA,,,,,
,YMENTFROMPHONE,,,,,
17-04-2023,UPI-ADITYAPHARMACY-PAYTMQR281005050101D,3.11E+11,17-04-2023,99,,"15,242.07"
,DHR3942GD6M@PAYTM-PYTM0123456-3107562849,,,,,
,64-PAYMENTFROMPHONE,,,,,
18-04-2023,UPI-CELEBRATIONSHOSPIT-BHARATPE90772004,3.11E+11,18-04-2023,209,,"15,033.07"
,7869@YESBANKLTD-YESB0YESUPI-310842548481,,,,,
,#NAME?,,,,,
18-04-2023,UPI-CELEBRATIONSHOSPIT-BHARATPE90772004,3.11E+11,18-04-2023,20,,"15,013.07"
18-04-2023,UPI-AIRTEL-AIRTEL.PAYU@AXISBANK-UTIB0000,3.11E+11,18-04-2023,155,,"14,858.07"
,100-310812782012-UPITRANSACTIONFO,,,,,
18-04-2023,UPI-PANTINARESHBABU-NARESHPANTI@OKICIC,3.11E+11,18-04-2023,,155,"15,013.07"
,I-ICIC0000598-310898212998-UPI,,,,,
19-04-2023,UPI-TUBAKASHIVASANKARA-BHARATPE9072614,3.11E+11,19-04-2023,45,,"14,968.07"
,3078@YESBANKLTD-YESB0YESUPI-310926037969,,,,,
,#NAME?,,,,,
19-04-2023,UPI-CASHFREE-CF.SIMPL@INDUS-INDB0000008-,3.11E+11,19-04-2023,"4,050.68",,"10,917.39"
,310916620513-UPIINTENT,,,,,
20-04-2023,UPI-A SURYAKANTH-9000832911@YBL-KKBK000,3.11E+11,20-04-2023,40,,"10,877.39"
,0563-311050651053-PAYMENTFROMPHONE,,,,,
20-04-2023,UPI-SVMAYURVEDICSTORE-SVMAYURVEDIC@IBL,3.11E+11,20-04-2023,"1,560.00",,"9,317.39"
,#NAME?,,,,,
,HONE,,,,,
22-04-2023,UPI-MRRAJUYADAV-PAYTMQR281005050101BPJ,3.11E+11,22-04-2023,100,,"9,217.39"
,XSN90LBPX@PAYTM-PYTM0123456-311248495633,,,,,
,#NAME?,,,,,
22-04-2023,UPI-SRISRINIVASASUPER-PAYTMQR28100505,3.11E+11,22-04-2023,30,,"9,187.39"
,01011EFWIM8R2E5R@PAYTM-PYTM0123456-31123,,,,,
,7298202-PAYMENTFROMPHONE,,,,,
22-04-2023,UPI-RAKESHKUMAR,3.11E+11,22-04-2023,,"35,000.00","44,187.39"
,SAHOO-RAKESHSAHOO1591@O,,,,,
,KSBI-SBIN0013588-311244518703-UPI,,,,,
22-04-2023,UPI-NEELIAMEERSOHAIL-PAYTMQR1HL94XB6LK,3.11E+11,22-04-2023,308,,"43,879.39"
,@PAYTM-PYTM0123456-311202862223-PAYMENT,,,,,
,FROMPHONE,,,,,
22-04-2023,UPI-VEMULAESWARA,3.11E+11,22-04-2023,"40,000.00",,"3,879.39"
,KUMAR-ESWARAVEMULA@IBL,,,,,
,#NAME?,,,,,
,HONE,,,,,
22-04-2023,UPI-KONDASURYANARAYANA-7095804682@IBL-I,3.11E+11,22-04-2023,,"19,000.00","22,879.39"
22-04-2023,UPI-VEMULAESWARA,3.11E+11,22-04-2023,"20,000.00",,"2,879.39"
,KUMAR-ESWARAVEMULA@IBL,,,,,
,#NAME?,,,,,
,HONE,,,,,
23-04-2023,UPI-SUBHANKARDEBATA-8338888532@YBL-ICIC,3.11E+11,23-04-2023,,"2,150.00","5,029.39"
,0002360-311314186886-PAYMENTFROMPHONE,,,,,
23-04-2023,UPI-NALLAPANENINAGAJYOT-JYOTHIJYOTHI428,3.11E+11,23-04-2023,,"1,898.00","6,927.39"
,03-1@OKAXIS-UBIN0809241-311389828523-UPI,,,,,
24-04-2023,UPI-SMRUTIREKHA BALABAN-SMRUTIREKHA147@,3.11E+11,24-04-2023,,"10,000.00","16,927.39"
,OKSBI-KKBK0007327-311487664080-KALIA,,,,,
24-04-2023,UPI-KONDASURYANARAYANA-7095804682@IBL-I,3.11E+11,24-04-2023,"10,000.00",,"6,927.39"
,CIC0004374-311464268302-PAYMENTFROMPHO,,,,,
,NE,,,,,
25-04-2023,UPI-BANSARIGOSWAMI-8732961622@IBL-HDFC0,3.12E+11,25-04-2023,"6,000.00",,927.39
,000306-311586774275-PAYMENTFROMPHONE,,,,,
29-04-2023,IMPS-311920480437-YOGATHASANNAMASIVAY-F,3.12E+11,29-04-2023,,"12,000.30","12,927.69"
,DRL-XXXXXXXXXX0749-MONEYGRAMTRANSFER,,,,,
30-04-2023,UPI-TARINIKANTA MOHANTY-9078286772@YBL-,3.12E+11,30-04-2023,,"5,100.00","18,027.69"
,SBIN0008092-312068343763-PAYMENTFROMPH,,,,,
,ONE,,,,,
01-05-2023,IMPS-312127095787-NOBROKER-RATN-XXXXXXXX,3.12E+11,01-05-2023,,"1,50,000.00","1,68,027.69"
,0617-1EW10DEBASHISHNATHSCHOOLFEES,,,,,
01-05-2023,UPI-SOUMYARANJAN,3.12E+11,01-05-2023,"50,000.00",,"1,18,027.69"
,SAMANTA-SOUMYA2008BBSR1,,,,,
,@YBL-HDFC0004281-312104800396-PAYMENTFR,,,,,
,OMPHONE,,,,,
02-05-2023,UPI-SKMUKTAR-637011817363@YBL-HDFC00062,3.12E+11,02-05-2023,"30,000.00",,"88,027.69"
,41-312272591149-PAYMENTFROMPHONE,,,,,
03-05-2023,UPI-MRSAINABATHININALI-9916685455@YBL-,3.12E+11,03-05-2023,,"62,000.00","1,50,027.69"
03-05-2023,UPI-FAIZAN-90148680751@AXL-SBIN0014234-3,3.12E+11,03-05-2023,"1,000.00",,"1,49,027.69"
,12391574931-PAYMENTFROMPHONE,,,,,
03-05-2023,UPI-GULSHANGENERALSTOR-PAYTMQR28100505,3.12E+11,03-05-2023,665,,"1,48,362.69"
,01011BJEZDOPOIIS@PAYTM-PYTM0123456-31231,,,,,
,4879553-PAYMENTFROMPHONE,,,,,
04-05-2023,UPI-DIPTIREKHA BALABANT-8249782889@IBL-,3.12E+11,04-05-2023,,"5,000.00","1,53,362.69"
,SBIN0061698-312437551742-PAYMENTFROMPH,,,,,
,ONE,,,,,
04-05-2023,UPI-LUXMANJHULANAVGHA-PAYTMQR28100505,3.12E+11,04-05-2023,"4,500.00",,"1,48,862.69"
,01011FW2AB8DMG6F@PAYTM-PYTM0123456-31242,,,,,
,7075321-PAYMENTFROMPHONE,,,,,
04-05-2023,UPI-NILESHNAYAK-NNILESH354@YBL-UCBA0001,3.12E+11,04-05-2023,"12,000.00",,"1,36,862.69"
,388-312415655133-PAYMENTFROMPHONE,,,,,
04-05-2023,UPI-AMANALI-95366651111@AXL-PYTM0123456,3.12E+11,04-05-2023,300,,"1,36,562.69"
,#NAME?,,,,,
04-05-2023,UPI-AMANALI-95366651111@YBL-PYTM0123456,3.12E+11,04-05-2023,"1,900.00",,"1,34,662.69"
,#NAME?,,,,,
04-05-2023,UPI-PARMODKUMARSONATH-PAYTMQR28100505,3.12E+11,04-05-2023,740,,"1,33,922.69"
,01016RAL556XPMZ0@PAYTM-PYTM0123456-31246,,,,,
,0503316-PAYMENTFROMPHONE,,,,,
05-05-2023,UPI-ASHWANI,3.13E+11,05-05-2023,48,,"1,33,874.69"
,KUMAR-ASHWANI6434-1@OKHDFCBA,,,,,
,NK-PUNB0151600-312531293807-PAYMENTFROM,,,,,
,PHONE,,,,,
05-05-2023,IMPS-312526038170-NOBROKER-RATN-XXXXXXXX,3.13E+11,05-05-2023,,"1,16,000.00","2,49,874.69"
,0617-NRP20575941PRIYADARSHINIDASAP,,,,,
05-05-2023,UPI-DEBASHISHNATH-DEBASHISH.NATH2@YBL-P,3.13E+11,05-05-2023,"85,000.00",,"1,64,874.69"
,UNB0150620-312500367695-PAYMENTFROMPHO,,,,,
,NE,,,,,
05-05-2023,UPI-HOMLALTAMANG-PAYTMQR2810050501011E,3.13E+11,05-05-2023,60,,"1,64,814.69"
05-05-2023,UPI-BINODKUMAR-PAYTMQR2810050501011WN25,3.13E+11,05-05-2023,20,,"1,64,794.69"
,DJL3A2E@PAYTM-SBIN0005456-312511666850-P,,,,,
,AYMENTFROMPHONE,,,,,
06-05-2023,IMPS-312626031541-NOBROKER-RATN-XXXXXXXX,3.13E+11,06-05-2023,,"1,99,999.00","3,64,793.69"
,0617-NRP20602262DEBASHISHNATHAPRIL,,,,,
06-05-2023,UPI-SOUBHAGINIMOHAPATRA-9124807636@IBL-,3.13E+11,06-05-2023,"7,000.00",,"3,57,793.69"
,CNRB0000033-312657386669-PAYMENTFROMPH,,,,,
,ONE,,,,,
06-05-2023,UPI-SOUBHAGINIMOHAPATRA-9124807636@IBL-,3.13E+11,06-05-2023,"6,000.00",,"3,51,793.69"
,CNRB0000033-312674149258-PAYMENTFROMPH,,,,,
,ONE,,,,,
06-05-2023,UPI-MUKISKHAN-PAYTMQR2810050501011NS91E,3.13E+11,06-05-2023,20,,"3,51,773.69"
,G2Z31N@PAYTM-PYTM0123456-312685730984-PA,,,,,
,YMENTFROMPHONE,,,,,
06-05-2023,UPI-NATLFOODCOURT1-MSWIPE.140004062200,3.13E+11,06-05-2023,60,,"3,51,713.69"
,6722@KOTAK-KKBK0000958-312644329640-PAYM,,,,,
,ENTFROMPHONE,,,,,
07-05-2023,UPI-JAYAPRAKASHJENA-8249881138@IBL-ICIC,3.13E+11,07-05-2023,"8,800.00",,"3,42,913.69"
,0001112-312796198227-PAYMENTFROMPHONE,,,,,
07-05-2023,UPI-SRINIVASAN-8438912304@IBL-UTIB000088,3.13E+11,07-05-2023,,"15,000.00","3,57,913.69"
,9-312720550064-PAYMENTFROMPHONE,,,,,
07-05-2023,IMPS-312709367746-JITENDRAKUMARSAHOO-I,3.13E+11,07-05-2023,"10,000.00",,"3,47,913.69"
,NDB-XXXXXXXX5836-WEBSITEDEVELOPMENT,,,,,
07-05-2023,NEFTDR-ICIC0001543-RAJENDRABALABANTARA,N127232448645933,07-05-2023,"2,00,000.00",,"1,47,913.69"
,"Y-NETBANK,MUM-N127232448645933-TRABSFER",,,,,
07-05-2023,UPI-MAKEMYTRIP-MMTINAPPFLIGHTS@YBL-YESB0,3.13E+11,07-05-2023,"5,499.00",,"1,42,414.69"
,YBLUPI-312720334622-PAYMENTFROMPHONE,,,,,
07-05-2023,UPI-JITENDERKUMAR-999095054@AXL-PUNB003,3.13E+11,07-05-2023,250,,"1,42,164.69"
,0310-312785681965-PAYMENTFROMPHONE,,,,,
07-05-2023,UPI-BARBEQUENATION-BARBEQUENATION43.RZP,3.13E+11,07-05-2023,"3,441.00",,"1,38,723.69"
08-05-2023,.IMPSP2P308117332897#22/03/2023220323,MIR2412707379912,08-05-2023,5.9,,"1,38,717.79"
,#NAME?,,,,,
08-05-2023,.IMPSP2P308312367610#24/03/2023240323,MIR2412808444929,08-05-2023,17.7,,"1,38,700.09"
,#NAME?,,,,,
08-05-2023,IMPS-312819371361-RAJENDRABALABANTARAY-,3.13E+11,08-05-2023,"1,00,000.00",,"38,700.09"
,ICIC-XXXXXXXX4642-TRANSFER,,,,,
09-05-2023,UPI-TUBAKASHIVASANKARA-BHARATPE9072614,3.13E+11,09-05-2023,80,,"38,620.09"
,3078@YESBANKLTD-YESB0YESUPI-312996573826,,,,,
,#NAME?,,,,,
09-05-2023,UPI-TUBAKASHIVASANKARA-BHARATPE9072614,3.13E+11,09-05-2023,27,,"38,593.09"
